noStroke();
// hair
fill(217, 208, 80);
rect(90, 137, 219, 228, 10);
//neck
fill(227, 214, 189);
rect(167, 324, 67, 100);
// face
fill(227, 214, 189);
ellipse(200, 200, 197, 285);
//face
fill(217, 208, 80);
arc(200, 149, 220, 183, -178, 0);

//smile
fill(217, 80, 80);
arc(200, 272, 100, 72, -361, -178);
arc(223, 273, 53, 39, -536, -359);
arc(177, 273, 53, 39, -536, -359);

//eyes
fill(10, 9, 9);
arc(153, 197, 49, 33, -537, -359);
arc(247, 197, 49, 33, -537, -359);
stroke(28, 25, 25);
line(150, 278, 250, 280);

//nose
line(197, 245, 214, 245);
line(201, 216, 214, 245);
